[[1421, 1623], [1422, 1624], [1565, 1798], [1560, 1889], [1620, 1948], [1609, 2000], [1529, 2053], [1547, 2112], [1529, 2165], [1573, 2202], [1558, 2278], [1480, 2287], [1507, 2202], [1451, 2128], [1401, 2123], [1402, 2045], [1341, 1980], [1409, 1961], [1441, 1911], [1494, 1905], [1521, 1813], [1444, 1745], [1357, 1823], [1318, 1788], [1367, 1751], [1421, 1623]]
[[1533, 703], [1534, 704], [1577, 716], [1598, 770], [1530, 800], [1502, 731], [1533, 703]]
[[1284, 761], [1285, 762], [1339, 823], [1288, 818], [1262, 772], [1284, 761]]
[[1554, 541], [1555, 542], [1614, 554], [1608, 604], [1514, 690], [1500, 653], [1396, 608], [1307, 655], [1181, 677], [1318, 595], [1554, 541]]
[[1269, 889], [1270, 890], [1337, 912], [1324, 958], [1277, 962], [1247, 898], [1269, 889]]
[[1228, 2762], [1229, 2763], [1262, 2772], [1274, 2880], [1175, 2835], [1228, 2762]]
[[2662, 1007], [2663, 1008], [2763, 1055], [2739, 1109], [2770, 1166], [2674, 1184], [2683, 1262], [2572, 1205], [2560, 1151], [2662, 1007]]
[[1732, 462], [1733, 463], [1754, 488], [1735, 530], [1639, 507], [1732, 462]]
[[2515, 514], [2516, 515], [2565, 574], [2485, 577], [2483, 532], [2515, 514]]
[[2445, 3167], [2446, 3168], [2500, 3183], [2479, 3291], [2434, 3305], [2415, 3350], [2355, 3324], [2420, 3177], [2445, 3167]]
[[1446, 1346], [1447, 1347], [1507, 1377], [1503, 1419], [1539, 1451], [1526, 1542], [1459, 1524], [1459, 1398], [1430, 1363], [1446, 1346]]
