[[1457, 3352], [1458, 3353], [1556, 3402], [1386, 3371], [1457, 3352]]
[[1583, 3489], [1584, 3490], [1641, 3512], [1535, 3506], [1583, 3489]]
[[2755, 685], [2756, 686], [2924, 764], [2895, 822], [2844, 835], [2770, 808], [2767, 776], [2808, 756], [2755, 685]]
[[2447, 1489], [2448, 1490], [2465, 1540], [2515, 1574], [2480, 1632], [2445, 1609], [2462, 1560], [2422, 1512], [2447, 1489]]
[[2374, 708], [2375, 709], [2406, 738], [2365, 794], [2277, 748], [2374, 708]]
[[1834, 541], [1835, 542], [1827, 570], [1891, 591], [1842, 621], [1763, 610], [1749, 647], [1723, 645], [1716, 611], [1790, 595], [1775, 550], [1834, 541]]
[[1707, 1276], [1708, 1277], [1725, 1310], [1700, 1374], [1728, 1445], [1678, 1448], [1693, 1367], [1655, 1320], [1707, 1276]]
[[1836, 970], [1837, 971], [1871, 1012], [1941, 1005], [1890, 1082], [1807, 1059], [1773, 1010], [1836, 970]]
[[1783, 3480], [1784, 3481], [1864, 3513], [1869, 3562], [1830, 3573], [1809, 3528], [1760, 3511], [1749, 3492], [1783, 3480]]
[[2388, 505], [2389, 506], [2450, 515], [2405, 520], [2447, 571], [2581, 591], [2688, 648], [2586, 649], [2565, 682], [2515, 607], [2424, 594], [2331, 530], [2388, 505]]
[[1472, 1937], [1473, 1938], [1555, 1948], [1610, 2061], [1524, 2012], [1470, 2021], [1434, 1971], [1472, 1937]]
[[1647, 821], [1648, 823], [1684, 845], [1746, 829], [1761, 913], [1802, 934], [1711, 951], [1703, 892], [1647, 821]]
[[2611, 716], [2612, 717], [2628, 773], [2560, 801], [2611, 716]]
[[2512, 1142], [2513, 1143], [2578, 1158], [2578, 1241], [2530, 1226], [2512, 1142]]
