[[1651, 2478], [1652, 2479], [1746, 2498], [1720, 2532], [1706, 2679], [1646, 2719], [1675, 2688], [1689, 2559], [1637, 2498], [1651, 2478]]
[[1391, 2501], [1392, 2502], [1457, 2517], [1438, 2569], [1453, 2608], [1580, 2669], [1601, 2719], [1588, 2781], [1654, 2802], [1716, 2891], [1769, 2895], [1777, 2951], [1724, 3000], [1704, 3003], [1710, 2964], [1669, 2918], [1630, 2907], [1595, 2933], [1603, 3004], [1569, 3005], [1527, 2935], [1599, 2922], [1616, 2878], [1574, 2803], [1500, 2818], [1494, 2775], [1439, 2755], [1444, 2608], [1381, 2521], [1391, 2501]]
[[2705, 3287], [2706, 3288], [2731, 3323], [2668, 3382], [2654, 3315], [2705, 3287]]
[[2682, 958], [2683, 959], [2780, 1036], [2712, 1074], [2621, 974], [2682, 958]]
[[2569, 952], [2570, 954], [2601, 972], [2571, 990], [2564, 1045], [2521, 1009], [2463, 1039], [2435, 1018], [2516, 1001], [2569, 952]]
[[2432, 534], [2433, 535], [2630, 625], [2639, 692], [2619, 717], [2513, 769], [2502, 715], [2536, 687], [2512, 655], [2562, 611], [2426, 572], [2432, 534]]
[[2433, 3267], [2434, 3268], [2471, 3327], [2401, 3345], [2376, 3384], [2288, 3376], [2281, 3453], [2250, 3450], [2221, 3409], [2282, 3376], [2279, 3339], [2351, 3328], [2376, 3275], [2433, 3267]]
[[2912, 3301], [2913, 3305], [2796, 3418], [2814, 3424], [2701, 3438], [2912, 3301]]
[[2490, 3062], [2491, 3063], [2510, 3091], [2419, 3147], [2434, 3098], [2490, 3062]]
[[1871, 2405], [1872, 2406], [1930, 2453], [1921, 2480], [1794, 2485], [1871, 2405]]
